W1:[array([ 0.0304271 , -0.11270772, -0.05079425, -0.01186549, -0.150113  ,
       -0.04965648, -0.0388542 , -0.07151689]), array([-0.09506758,  0.02721975, -0.12858657, -0.06764609,  0.07588987,
       -0.04130099, -0.02266615,  0.02865503]), array([ 0.01730621, -0.04314527,  0.02098596, -0.05626021,  0.03582287,
       -0.02715895,  0.01689678, -0.0054959 ]), array([ 0.01459476,  0.00438844, -0.00451174,  0.00217136,  0.01198163,
        0.00507449, -0.00076163,  0.00490854])]
b1:[array([0.00099683]), array([0.00080146]), array([0.00021508]), array([-2.00732533e-05])]
W2:[array([0.21041371, 0.19768027, 0.08779136, 0.01033929])]
b2:[array([0.03253177])]

W1:[array([-0.07317228, -0.06506864, -0.02220665, -0.2595228 ,  0.13271581,
       -0.0993618 , -0.02748504, -0.05620718]), array([-0.09066636,  0.03124352, -0.09200138,  0.04026486, -0.10123568,
       -0.00597403, -0.06608781, -0.02392939]), array([ 0.00717775,  0.00856749,  0.00398591,  0.00715152,  0.03241457,
       -0.012499  ,  0.00049246,  0.01653386]), array([-0.0262915 ,  0.03328656, -0.04949838,  0.00022274,  0.02136883,
       -0.0588819 , -0.00150238,  0.00352588])]
b1:[array([0.00101301]), array([0.00051307]), array([1.21988519e-05]), array([0.00025837])]
W2:[array([0.37194107, 0.23992861, 0.08830919, 0.19787769])]
b2:[array([0.06993325])]

W1:[array([-0.61324594, -0.36208691,  5.28242554, -3.01282416,  7.62865849,
       -0.62081277, -0.67408975,  2.51497838]), array([ 1.7029553 ,  1.01789893,  4.64378888,  1.97453178, 14.20628213,
        0.16757569,  2.47092719,  3.50613409]), array([ 2.34476816,  1.66139795,  6.25396241,  0.74591572, 13.61106735,
        0.63872683,  1.03310308,  1.85433978]), array([ 3.60419099,  2.55649242,  2.99760637,  2.25796854,  3.65355226,
        0.58162931, -0.93840333,  1.64538863])]
b1:[array([-0.01344081]), array([-0.04042031]), array([-0.03237672]), array([-0.02221932])]
W2:[array([-7.24383315, -2.1271015 , -2.5850113 , -0.13791894])]
b2:[array([25.02301495])]
